REM>7.bas
B%=0: C%=0
MODE7
REPEAT
FOR L%=1TO960
X%=FNread
IF X%=-1 THEN END
VDUX%
NEXT
A%=GET
CLS
UNTIL 0
:
REM Basic RLE decoder
DEF FNread
IF C%>0 THEN C%=C%-1: =B%
READ M%
IF M%<256 THEN =M%
C%=M%-301: READ B%
=B%
:
DATA 134,205,201,195,210,207,206,197,212,32,211,244,225,242,238,229,244,32,168,195,169,303,32,135,184,302,177,178,302,177,176,184,183,225,131,32,32,176,240
DATA 131,157,141,132,32,32,214,233,228,229,239,244,229,248,32,229,237,245,236,225,244,233,239,238,32,230,242,225,237,229,32,244,229,243,244,305,32
DATA 131,157,141,132,32,32,214,233,228,229,239,244,229,248,32,229,237,245,236,225,244,233,239,238,32,230,242,225,237,229,32,244,229,243,244,345,32
DATA 131,212,232,229,32,230,239,302,236,239,247,233,238,231,32,243,229,241,245,229,238,227,229,32,239,230,32,230,242,225,237,229,243,307,32
DATA 131,240,242,239,246,233,228,229,243,32,240,225,302,244,229,242,238,32,244,229,243,244,243,32,230,239,242,32,214,233,228,229,239,244,229,248,304,32
DATA 131,229,237,245,236,225,244,233,239,238,243,174,32,212,232,229,249,32,243,244,225,242,244,32,243,233,237,240,236,229,32,225,238,228,306,32
DATA 131,240,242,239,231,242,229,302,243,32,244,239,32,237,239,242,229,32,227,239,237,240,236,229,248,32,227,239,237,226,233,238,225,244,233,239,238,243,32,32
DATA 131,239,230,32,197,211,195,193,208,197,32,227,239,228,229,243,174,364,32
DATA 201,32,247,233,302,236,32,231,233,246,229,32,225,238,32,229,248,225,237,240,236,229,32,236,233,238,229,32,230,239,302,236,239,247,229,228,32,226,249
DATA 32,225,238,32,233,238,228,233,227,225,244,233,239,238,32,239,230,32,232,239,247,32,233,244,32,243,232,239,245,236,228,32,236,302,239,235,174,304,32
DATA 211,239,237,229,32,239,230,32,244,232,229,243,229,32,233,238,228,233,227,225,244,233,239,238,243,32,237,225,249,32,226,229,308,32
DATA 225,302,240,242,239,248,233,237,225,244,229,32,168,229,174,231,174,32,245,243,233,238,231,32,225,32,173,32,233,238,243,244,229,225,228,32,239,230,32
DATA 32,244,232,229,32,231,242,225,240,232,233,227,151,172,135,239,242,32,161,32,233,238,243,244,229,225,228,32,239,230,151,181,135,169,174,345,32
DATA 131,212,232,229,243,229,32,229,248,225,237,240,236,229,243,32,227,239,237,240,236,249,32,247,233,244,232,32,244,232,229,32,208,242,229,243,244,229,236,32
DATA 131,244,229,242,237,233,238,225,236,32,243,240,229,227,174,32,225,238,228,32,232,225,246,229,32,226,302,229,238,32,227,232,229,227,235,229,228,32,239,238
DATA 131,244,229,242,237,233,238,225,236,243,32,247,233,244,232,32,228,229,228,233,227,225,244,229,228,32,214,233,228,229,239,244,229,248,306,32
DATA 131,228,233,243,240,236,225,249,32,232,225,242,228,247,225,242,229,174,32,212,232,229,249,32,227,225,238,32,226,229,32,242,229,231,225,242,228,229,228,32
DATA 131,225,243,32,228,229,230,233,238,233,244,233,246,229,174,365,32
DATA 131,157,141,132,308,32,208,231,196,238,32,32,244,239,32,227,239,238,244,233,238,245,229,311,32
DATA 131,157,141,132,308,32,208,231,196,238,32,32,244,239,32,227,239,238,244,233,238,245,229,311,32
DATA 134,205,201,195,210,207,206,197,212,32,211,244,225,242,238,229,244,32,168,195,169,303,32,135,184,302,177,178,302,177,176,184,183,226,131,32,32,176,240
DATA 131,157,141,132,32,32,214,233,228,229,239,244,229,248,32,229,237,245,236,225,244,233,239,238,32,230,242,225,237,229,32,244,229,243,244,305,32
DATA 131,157,141,132,32,32,214,233,228,229,239,244,229,248,32,229,237,245,236,225,244,233,239,238,32,230,242,225,237,229,32,244,229,243,244,345,32
DATA 134,195,232,225,242,225,227,244,229,242,32,228,229,230,233,238,233,244,233,239,238,243,174,135,212,232,229,243,229,32,225,242,229,308,32
DATA 229,248,225,237,240,236,229,243,32,239,230,32,244,232,229,32,236,229,302,243,32,243,244,225,238,228,225,242,228,32,214,233,228,229,239,244,229,248,32
DATA 32,227,232,225,242,225,227,244,229,242,243,186,369,32
DATA 223,32,173,32,200,225,243,232,32,243,249,237,226,239,236,325,32
DATA 163,32,173,32,194,242,233,244,233,243,232,32,240,239,245,238,228,32,243,233,231,238,318,32
DATA 224,32,173,32,204,239,238,231,32,228,225,243,232,174,32,211,225,237,229,32,240,239,243,233,244,233,239,238,32,225,243,32,173,32,226,245,244,32,32
DATA 305,32,225,226,239,245,244,32,244,232,229,32,243,225,237,229,32,247,233,228,244,232,32,225,243,32,236,229,302,244,229,242,32,200,174,303,32
DATA 252,32,173,32,196,239,245,226,236,229,32,246,229,242,244,233,227,225,236,32,226,225,242,174,32,193,226,239,245,244,32,244,232,229,32,243,225,237,229
DATA 305,32,232,229,233,231,232,244,32,225,243,32,244,232,229,32,236,229,302,244,229,242,32,200,174,313,32
DATA 222,219,221,32,173,32,213,240,172,32,236,229,230,244,32,225,238,228,32,242,233,231,232,244,32,225,302,242,239,247,243,174,308,32
DATA 254,32,173,32,196,233,246,233,228,229,32,243,233,231,238,32,168,200,239,242,233,250,239,238,244,225,236,32,236,233,238,229,32,247,233,244,232,32,178
DATA 305,32,228,239,244,243,169,174,330,32
DATA 220,251,253,32,173,32,177,175,178,172,32,177,175,180,172,32,179,175,180,174,320,32
DATA 255,32,173,32,243,237,225,302,236,32,226,236,239,227,235,174,32,211,232,239,245,236,228,32,226,229,32,225,226,239,245,244,32,244,232,229,304,32
DATA 243,225,237,229,32,228,233,237,229,238,243,233,239,238,243,32,225,243,32,244,232,229,32,236,229,302,244,229,242,32,200,32,226,245,244,305,32
DATA 243,237,225,302,236,229,242,32,244,232,225,238,32,244,232,229,32,231,242,225,240,232,233,227,243,32,226,236,239,227,235,151,255,135,174,344,32
DATA 131,157,141,132,308,32,208,231,196,238,32,32,244,239,32,227,239,238,244,233,238,245,229,311,32
DATA 131,157,141,132,308,32,208,231,196,238,32,32,244,239,32,227,239,238,244,233,238,245,229,311,32
DATA 134,205,201,195,210,207,206,197,212,32,211,244,225,242,238,229,244,32,168,195,169,303,32,135,184,302,177,178,302,177,176,184,183,227,131,32,32,176,240
DATA 131,157,141,132,32,32,214,233,228,229,239,244,229,248,32,229,237,245,236,225,244,233,239,238,32,230,242,225,237,229,32,244,229,243,244,305,32
DATA 131,157,141,132,32,32,214,233,228,229,239,244,229,248,32,229,237,245,236,225,244,233,239,238,32,230,242,225,237,229,32,244,229,243,244,345,32
DATA 134,198,239,242,229,231,242,239,245,238,228,32,244,229,248,244,32,227,239,236,239,245,242,243,174,135,204,225,244,229,242,32,239,238,32,201,305,32
DATA 247,233,302,236,32,245,243,229,32,243,233,238,231,236,229,32,236,229,302,244,229,242,32,225,302,226,242,229,246,233,225,244,233,239,238,243,304,32
DATA 230,239,242,32,244,232,229,32,227,239,236,239,245,242,243,186,363,32
DATA 129,210,229,228,305,32,168,210,169,328,32
DATA 130,199,242,302,229,238,303,32,168,199,169,328,32
DATA 131,217,229,302,236,239,247,32,32,168,217,169,328,32
DATA 132,194,236,245,229,304,32,168,194,169,328,32
DATA 133,205,225,231,229,238,244,225,32,168,205,169,328,32
DATA 134,195,249,225,238,304,32,168,195,169,328,32
DATA 135,215,232,233,244,229,303,32,168,215,169,329,32
DATA 194,236,225,227,235,303,32,168,203,169,32,233,243,32,238,239,244,32,225,246,225,233,236,225,226,236,229,32,225,243,32,225,306,32
DATA 313,32,230,239,242,229,231,242,239,245,238,228,32,227,239,236,239,245,242,174,350,32
DATA 197,225,227,232,32,236,233,238,229,32,243,244,225,242,244,243,32,225,243,32,225,236,240,232,225,238,245,237,229,242,233,227,32,247,232,233,244,229,32
DATA 32,168,247,232,233,227,232,32,233,243,32,247,232,225,244,32,244,232,233,243,32,243,232,239,245,236,228,32,226,229,169,174,388,32
DATA 131,157,141,132,308,32,208,231,196,238,32,32,244,239,32,227,239,238,244,233,238,245,229,311,32
DATA 131,157,141,132,308,32,208,231,196,238,32,32,244,239,32,227,239,238,244,233,238,245,229,311,32
DATA 134,205,201,195,210,207,206,197,212,32,211,244,225,242,238,229,244,32,168,195,169,303,32,135,184,302,177,178,302,177,176,184,183,228,131,32,32,176,240
DATA 131,157,141,132,32,32,214,233,228,229,239,244,229,248,32,229,237,245,236,225,244,233,239,238,32,230,242,225,237,229,32,244,229,243,244,305,32
DATA 131,157,141,132,32,32,214,233,228,229,239,244,229,248,32,229,237,245,236,225,244,233,239,238,32,230,242,225,237,229,32,244,229,243,244,345,32
DATA 134,198,239,242,229,231,242,239,245,238,228,32,231,242,225,240,232,233,227,243,32,227,239,236,239,245,242,243,174,135,194,236,225,243,244,306,32
DATA 244,232,242,239,245,231,232,32,227,232,225,242,225,227,244,229,242,243,32,168,247,233,244,232,32,226,233,244,32,178,222,181,32,227,236,229,225,242,169
DATA 32,243,232,239,245,236,228,32,226,229,32,244,232,229,32,243,225,237,229,32,225,243,32,244,229,248,244,32,227,232,225,242,225,227,244,229,242,243,174
DATA 381,32
DATA 145,309,172,303,32,210,197,196,303,32,309,172,312,32
DATA 146,309,172,32,32,199,210,302,197,206,32,32,309,172,312,32
DATA 147,309,172,32,217,197,302,204,207,215,32,32,309,172,312,32
DATA 148,309,172,32,32,194,204,213,197,303,32,309,172,312,32
DATA 149,309,172,32,205,193,199,197,206,212,193,32,309,172,312,32
DATA 150,309,172,32,32,195,217,193,206,303,32,309,172,312,32
DATA 151,309,172,32,32,215,200,201,212,197,32,32,309,172,353,32
DATA 199,229,238,229,242,225,236,32,230,239,242,237,32,243,232,239,245,236,228,32,236,302,239,235,32,236,233,235,229,186,350,32
DATA 309,173,32,32,206,193,205,197,303,32,309,173,392,32
DATA 131,157,141,132,308,32,208,231,196,238,32,32,244,239,32,227,239,238,244,233,238,245,229,311,32
DATA 131,157,141,132,308,32,208,231,196,238,32,32,244,239,32,227,239,238,244,233,238,245,229,311,32
DATA 134,205,201,195,210,207,206,197,212,32,211,244,225,242,238,229,244,32,168,195,169,303,32,135,184,302,177,178,302,177,176,184,183,229,131,32,32,176,240
DATA 131,157,141,132,32,32,214,233,228,229,239,244,229,248,32,229,237,245,236,225,244,233,239,238,32,230,242,225,237,229,32,244,229,243,244,305,32
DATA 131,157,141,132,32,32,214,233,228,229,239,244,229,248,32,229,237,245,236,225,244,233,239,238,32,230,242,225,237,229,32,244,229,243,244,345,32
DATA 134,206,197,215,32,194,193,195,203,199,210,207,213,206,196,32,225,238,228,32,194,204,193,195,203,32,194,193,195,203,199,210,207,213,206,196,174,304,32
DATA 206,197,215,32,194,199,32,243,229,244,243,32,244,232,229,32,226,225,227,235,231,242,239,245,238,228,32,227,239,236,239,245,242,32,244,239,304,32
DATA 244,232,229,32,227,245,302,242,229,238,244,32,230,239,242,229,231,242,239,245,238,228,32,227,239,236,239,245,242,174,32,194,204,193,195,203,32,194,199
DATA 32,243,229,244,32,244,232,229,32,226,225,227,235,231,242,239,245,238,228,32,227,239,236,239,245,242,32,244,239,32,226,236,225,227,235,174,305,32
DATA 194,239,244,232,32,225,242,229,32,229,302,230,229,227,244,233,246,229,32,233,302,237,229,228,233,225,244,229,236,249,32,233,238,32,244,232,229,303,32
DATA 227,232,225,242,225,227,244,229,242,32,247,232,229,242,229,32,244,232,229,32,227,239,228,229,32,243,233,244,243,174,391,32
DATA 157,129,157,130,157,131,157,132,157,133,157,134,157,135,157,32,156,145,157,146,157,147,157,148,157,149,157,150,157,151,157,32,156,305,32
DATA 302,203,302,215,302,210,302,199,302,217,302,194,302,205,302,195,302,215,302,203,302,210,302,199,302,217,302,194,302,205,302,195,302,215,386,203
DATA 129,157,135,302,173,215,32,207,206,32,210,302,173,32,32,157,129,302,173,210,32,207,206,32,215,302,173,32,32,156,302,173,210,32,207,206,32,203,302,173
DATA 145,157,151,302,172,215,32,207,206,32,210,302,172,32,32,157,145,302,172,210,32,207,206,32,215,302,172,32,32,156,302,172,210,32,207,206,32,203,302,172
DATA 211,232,239,245,236,228,32,236,302,239,235,32,236,233,235,229,186,323,32
DATA 303,32,302,173,215,32,207,206,32,210,302,173,304,32,302,173,210,32,207,206,32,215,302,173,303,32,302,173,210,32,207,206,32,203,302,173
DATA 32,314,210,314,215,311,203
DATA 340,32
DATA 131,157,141,132,308,32,208,231,196,238,32,32,244,239,32,227,239,238,244,233,238,245,229,311,32
DATA 131,157,141,132,308,32,208,231,196,238,32,32,244,239,32,227,239,238,244,233,238,245,229,311,32
DATA 134,205,201,195,210,207,206,197,212,32,211,244,225,242,238,229,244,32,168,195,169,303,32,135,184,302,177,178,302,177,176,184,183,230,131,32,32,176,240
DATA 131,157,141,132,32,32,214,233,228,229,239,244,229,248,32,229,237,245,236,225,244,233,239,238,32,230,242,225,237,229,32,244,229,243,244,305,32
DATA 131,157,141,132,32,32,214,233,228,229,239,244,229,248,32,229,237,245,236,225,244,233,239,238,32,230,242,225,237,229,32,244,229,243,244,345,32
DATA 134,198,204,193,211,200,32,225,238,228,32,211,212,197,193,196,217,174,135,212,232,229,32,230,239,242,229,231,242,239,245,238,228,308,32
DATA 227,239,237,240,239,238,229,238,244,32,239,230,32,225,32,227,232,225,242,225,227,244,229,242,32,243,247,225,240,243,32,240,229,242,233,239,228,173,32
DATA 32,233,227,225,302,236,249,32,226,229,244,247,302,229,238,32,233,244,243,32,238,239,242,237,225,236,32,240,225,302,244,229,242,238,32,225,238,228,32,225
DATA 32,211,208,193,195,197,174,32,212,232,229,32,226,225,227,235,231,242,239,245,238,228,32,227,239,237,240,239,238,229,238,244,32,233,243,306,32
DATA 245,238,225,302,230,229,227,244,229,228,174,32,211,212,197,193,196,217,32,227,225,238,227,229,236,243,32,198,204,193,211,200,174,386,32
DATA 136,212,232,233,243,32,233,243,32,230,236,225,243,232,233,238,231,174,137,212,232,233,243,32,233,243,32,243,244,229,225,228,249,174,386,32
DATA 129,157,135,136,198,236,225,243,232,233,238,231,32,247,232,233,244,229,175,242,229,228,32,239,238,32,243,244,229,225,228,249,32,242,229,228,32,194,199,174
DATA 380,32
DATA 136,145,157,151,303,172,32,212,200,201,211,32,201,211,32,193,302,204,32,198,204,193,211,200,201,206,199,32,303,172,32,32,156,304,172,32
DATA 211,232,239,245,236,228,32,236,302,239,235,32,236,233,235,229,32,168,225,302,236,32,230,236,225,243,232,233,238,231,169,186,308,32
DATA 304,32,303,173,32,212,200,201,211,32,201,211,32,193,302,204,32,198,204,193,211,200,201,206,199,32,303,173,303,32,304,173,32
DATA 380,32
DATA 131,157,141,132,308,32,208,231,196,238,32,32,244,239,32,227,239,238,244,233,238,245,229,311,32
DATA 131,157,141,132,308,32,208,231,196,238,32,32,244,239,32,227,239,238,244,233,238,245,229,311,32
DATA 134,205,201,195,210,207,206,197,212,32,211,244,225,242,238,229,244,32,168,195,169,303,32,135,184,302,177,178,302,177,176,184,183,231,131,32,32,176,240
DATA 131,157,141,132,32,32,214,233,228,229,239,244,229,248,32,229,237,245,236,225,244,233,239,238,32,230,242,225,237,229,32,244,229,243,244,305,32
DATA 131,157,141,132,32,32,214,233,228,229,239,244,229,248,32,229,237,245,236,225,244,233,239,238,32,230,242,225,237,229,32,244,229,243,244,345,32
DATA 134,211,197,208,193,210,193,212,197,196,32,225,238,228,32,195,207,206,212,201,199,213,207,213,211,32,231,242,225,240,232,233,227,243,174,306,32
DATA 201,238,32,243,229,240,225,242,225,244,229,228,32,231,242,225,240,232,233,227,243,32,244,232,229,32,182,32,227,229,302,236,243,32,239,230,304,32
DATA 244,232,229,32,231,242,225,240,232,233,227,243,32,227,232,225,242,225,227,244,229,242,32,225,242,229,32,243,229,240,225,242,225,244,229,228,304,32
DATA 230,242,239,237,32,229,225,227,232,32,239,244,232,229,242,32,226,249,32,225,32,243,237,225,302,236,32,194,199,32,227,239,236,239,245,242,304,32
DATA 226,239,242,228,229,242,174,32,195,239,238,244,233,231,245,239,245,243,32,233,243,32,244,232,229,32,228,229,230,225,245,236,244,32,227,225,243,229,32
DATA 32,247,232,229,242,229,32,244,232,229,32,227,229,302,236,243,32,230,233,302,236,32,244,232,229,32,227,232,225,242,225,227,244,229,242,174,344,32
DATA 129,157,151,154,255,135,173,32,225,32,227,232,225,242,225,227,244,229,242,32,239,230,32,182,32,243,229,240,225,242,225,244,229,228,32,227,229,302,236,243
DATA 340,32
DATA 129,157,151,32,255,135,173,32,244,232,229,32,227,239,238,244,233,231,245,239,245,243,32,246,229,242,243,233,239,238,310,32
DATA 305,32,129,157,135,227,239,237,240,236,229,244,229,236,249,32,230,233,302,236,243,32,244,232,229,32,227,232,225,242,225,227,244,229,242,342,32
DATA 129,157,151,303,255,303,193,303,255,154,303,255,303,193,303,255,153,303,255,154,303,255,135,303,225,151,303,255,32,32
DATA 211,232,239,245,236,228,32,236,302,239,235,32,236,233,235,229,186,323,32
DATA 303,32,303,255,303,193,303,255,32,303,255,303,193,303,255,32,303,255,32,303,255,32,303,225,32,303,255,32,32
DATA 303,32,303,195,303,32,303,195,32,303,211,303,32,303,211,32,303,195,32,303,211,305,32,303,211,342,32
DATA 306,32,195,189,195,239,238,244,233,231,245,239,245,243,304,32,211,189,211,229,240,225,242,225,244,229,228,307,32
DATA 131,157,141,132,308,32,208,231,196,238,32,32,244,239,32,227,239,238,244,233,238,245,229,311,32
DATA 131,157,141,132,308,32,208,231,196,238,32,32,244,239,32,227,239,238,244,233,238,245,229,311,32
DATA 134,205,201,195,210,207,206,197,212,32,211,244,225,242,238,229,244,32,168,195,169,303,32,135,184,302,177,178,302,177,176,184,183,232,131,32,32,176,240
DATA 131,157,141,132,32,32,214,233,228,229,239,244,229,248,32,229,237,245,236,225,244,233,239,238,32,230,242,225,237,229,32,244,229,243,244,305,32
DATA 131,157,141,132,32,32,214,233,228,229,239,244,229,248,32,229,237,245,236,225,244,233,239,238,32,230,242,225,237,229,32,244,229,243,244,345,32
DATA 134,195,207,206,195,197,193,204,174,135,212,232,233,243,32,227,239,228,229,32,227,239,238,227,229,225,236,243,32,227,232,225,242,225,227,244,229,242,243,32
DATA 32,230,239,302,236,239,247,233,238,231,32,233,244,32,239,238,32,244,232,229,32,236,233,238,229,174,32,212,232,229,311,32
DATA 227,239,237,240,236,229,237,229,238,244,225,242,249,32,230,245,238,227,244,233,239,238,32,167,210,197,214,197,193,204,167,32,233,243,32,225,304,32
DATA 227,239,302,237,225,238,228,32,225,244,32,244,232,229,32,245,243,229,242,32,244,229,242,237,233,238,225,236,174,32,193,302,236,307,32
DATA 227,232,225,242,225,227,244,229,242,243,32,245,238,228,229,242,32,227,239,238,227,229,225,236,32,225,242,229,32,228,233,243,240,236,225,249,229,228,32
DATA 32,225,243,32,243,240,225,227,229,243,174,136,195,207,206,195,197,193,204,32,233,243,32,228,233,243,225,226,236,229,228,32,226,249,32,225,304,32
DATA 136,243,245,226,243,229,241,245,229,238,244,32,230,239,242,229,231,242,239,245,238,228,32,227,239,236,239,245,242,32,227,239,228,229,174,345,32
DATA 129,157,135,302,173,214,201,211,201,194,204,197,302,173,152,302,173,195,207,206,195,197,193,204,197,196,302,173,135,302,173,214,201,211,201,194,204,197,302,173
DATA 145,157,151,302,172,214,201,211,201,194,204,197,302,172,152,302,172,195,207,206,195,197,193,204,197,196,302,172,151,302,172,214,201,211,201,194,204,197,302,172
DATA 211,232,239,245,236,228,32,236,302,239,235,32,236,233,235,229,186,323,32
DATA 303,32,302,173,214,201,211,201,194,204,197,302,173,315,32,302,173,214,201,211,201,194,204,197,302,173
DATA 315,32,302,173,195,207,206,195,197,193,204,197,196,302,173,353,32
DATA 210,229,246,229,225,236,32,239,238,32,249,239,245,242,32,236,239,227,225,236,32,244,229,242,237,233,238,225,236,32,243,232,239,245,236,228,304,32
DATA 242,229,246,229,225,236,32,244,232,229,32,302,173,195,207,206,195,197,193,204,197,196,302,173,32,243,229,227,244,233,239,238,174,386,32
DATA 131,157,141,132,308,32,208,231,196,238,32,32,244,239,32,227,239,238,244,233,238,245,229,311,32
DATA 131,157,141,132,308,32,208,231,196,238,32,32,244,239,32,227,239,238,244,233,238,245,229,311,32
DATA 134,205,201,195,210,207,206,197,212,32,211,244,225,242,238,229,244,32,168,195,169,303,32,135,184,302,177,178,302,177,176,184,183,233,131,32,32,176,240
DATA 131,157,141,132,32,32,214,233,228,229,239,244,229,248,32,229,237,245,236,225,244,233,239,238,32,230,242,225,237,229,32,244,229,243,244,305,32
DATA 131,157,141,132,32,32,214,233,228,229,239,244,229,248,32,229,237,245,236,225,244,233,239,238,32,230,242,225,237,229,32,244,229,243,244,345,32
DATA 134,196,207,213,194,204,197,32,225,238,228,32,206,207,210,205,193,204,32,200,197,201,199,200,212,174,135,212,232,229,243,229,32,227,225,238,305,32
DATA 227,225,245,243,229,32,237,239,242,229,32,244,232,225,238,32,244,232,229,233,242,32,230,225,233,242,32,243,232,225,242,229,32,239,230,305,32
DATA 240,242,239,226,236,229,237,243,161,32,201,230,32,225,32,236,233,238,229,32,227,239,238,244,225,233,238,243,32,225,32,228,239,245,226,236,229,303,32
DATA 232,229,233,231,232,244,32,227,239,228,229,32,225,238,249,247,232,229,242,229,32,244,232,229,238,32,244,232,229,32,236,233,238,229,306,32
DATA 227,239,238,244,229,238,244,243,32,247,233,302,236,32,227,239,237,240,236,229,244,229,236,249,32,228,229,230,233,238,229,32,244,232,229,305,32
DATA 236,302,239,235,32,239,230,32,244,232,225,244,32,193,206,196,32,244,232,229,32,230,239,302,236,239,247,233,238,231,32,236,233,238,229,174,304,32
DATA 193,238,249,32,227,232,225,242,225,227,244,229,242,243,32,233,238,32,244,232,229,32,230,239,302,236,239,247,233,238,231,32,236,233,238,229,304,32
DATA 225,242,229,32,227,239,237,240,236,229,244,229,236,249,32,233,231,238,239,242,229,228,32,168,233,238,227,236,245,228,233,238,231,307,32
DATA 228,239,245,226,236,229,32,232,229,233,231,232,244,32,227,239,228,229,243,169,174,32,212,232,233,243,32,232,225,243,310,32
DATA 233,237,240,239,242,244,225,238,244,32,227,239,238,243,229,241,245,229,238,227,229,243,32,230,239,242,32,228,249,238,225,237,233,227,306,32
DATA 230,242,225,237,229,243,32,247,232,233,227,232,32,201,32,247,233,302,236,32,233,231,238,239,242,229,32,225,244,32,244,232,229,307,32
DATA 237,239,237,229,238,244,174,373,32
DATA 215,232,229,238,32,228,239,245,226,236,229,32,232,229,233,231,232,244,32,233,243,32,233,238,32,239,240,229,242,225,244,233,239,238,32,244,232,229,32
DATA 32,177,243,244,32,236,233,238,229,32,227,239,238,244,225,233,238,243,32,244,232,229,32,245,302,240,229,242,32,232,225,236,230,32,239,230,32,244,232,229
DATA 32,168,243,244,242,229,244,227,232,229,228,169,32,227,232,225,242,225,227,244,229,242,32,225,238,228,32,244,232,229,32,178,238,228,32,236,233,238,229,32
DATA 32,227,239,238,244,225,233,238,243,32,244,232,229,32,236,239,247,229,242,32,232,225,236,230,174,311,32,304,174
DATA 340,32
DATA 131,157,141,132,308,32,208,231,196,238,32,32,244,239,32,227,239,238,244,233,238,245,229,311,32
DATA 131,157,141,132,308,32,208,231,196,238,32,32,244,239,32,227,239,238,244,233,238,245,229,311,32
DATA 134,205,201,195,210,207,206,197,212,32,211,244,225,242,238,229,244,32,168,195,169,303,32,135,184,302,177,178,302,177,176,184,183,234,131,32,32,176,240
DATA 131,157,141,132,32,32,214,233,228,229,239,244,229,248,32,229,237,245,236,225,244,233,239,238,32,230,242,225,237,229,32,244,229,243,244,305,32
DATA 131,157,141,132,32,32,214,233,228,229,239,244,229,248,32,229,237,245,236,225,244,233,239,238,32,230,242,225,237,229,32,244,229,243,244,346,32
DATA 201,238,32,225,32,236,233,238,229,32,227,239,238,244,225,233,238,233,238,231,32,225,32,228,239,245,226,236,229,32,232,229,233,231,232,244,304,32
DATA 227,239,228,229,172,32,238,239,242,237,225,236,32,232,229,233,231,232,244,32,227,232,225,242,225,227,244,229,242,243,32,225,242,229,306,32
DATA 228,233,243,240,236,225,249,229,228,32,239,238,32,244,232,229,32,177,243,244,32,236,233,238,229,32,247,233,244,232,310,32
DATA 227,239,302,242,229,243,240,239,238,228,233,238,231,32,243,240,225,227,229,243,32,239,238,32,244,232,229,32,178,238,228,174,32,212,232,229,304,32
DATA 226,225,227,235,231,242,239,245,238,228,32,227,239,236,239,245,242,32,239,230,32,244,232,229,32,178,238,228,32,236,233,238,229,307,32
DATA 225,236,247,225,249,243,32,230,239,302,236,239,247,243,32,244,232,229,32,230,233,242,243,244,32,168,229,246,229,238,32,226,229,230,239,242,229,303,32
DATA 244,232,229,32,230,233,242,243,244,32,228,239,245,226,236,229,32,232,229,233,231,232,244,32,227,239,228,229,169,174,349,32
DATA 129,157,135,206,239,242,237,225,236,141,196,239,245,226,236,229,140,206,239,242,237,225,236,157,129,206,239,242,237,225,236,141,196,239,245,226,236,229,157,32
DATA 129,157,135,206,239,242,237,225,236,141,196,239,245,226,236,229,140,206,239,242,237,225,236,157,129,206,239,242,237,225,236,141,196,239,245,226,236,229,157,32
DATA 211,232,239,245,236,228,32,236,302,239,235,32,236,233,235,229,186,323,32
DATA 303,32,206,239,242,237,225,236,32,196,239,245,226,236,229,32,206,239,242,237,225,236,32,32,206,239,242,237,225,236,32,196,239,245,226,236,229,32,32
DATA 310,32,196,239,245,226,236,229,316,32,196,239,245,226,236,229,303,32
DATA 322,210,315,215,302,210
DATA 310,32,306,222,324,32
DATA 307,32,211,233,238,231,236,229,32,228,239,245,226,236,229,320,32
DATA 308,32,232,229,233,231,232,244,32,247,239,242,228,361,32
DATA 131,157,141,132,308,32,208,231,196,238,32,32,244,239,32,227,239,238,244,233,238,245,229,311,32
DATA 131,157,141,132,308,32,208,231,196,238,32,32,244,239,32,227,239,238,244,233,238,245,229,312,32
DATA 135,208,178,185,181,32,135,195,302,197,198,193,216,160,302,179,181,160,135,205,239,238,160,178,181,160,202,245,236,131,160,177,178,186,181,179,175,181,178
DATA 129,128,129,128,129,128,129,128,129,128,129,128,129,128,129,128,129,128,129,128,129,128,129,128,129,128,129,128,129,128,129,128,129,128,129,128,129,128,176,177
DATA 151,158,143,243,147,154,150,158,159,152,132,141,157,131,197,206,199,201,206,302,197,210,201,206,199,160,146,156,140,158,243,149,142,145,143,148,143,135,176,178
DATA 151,158,143,243,147,154,150,158,159,152,132,141,157,131,197,206,199,201,206,302,197,210,201,206,199,160,146,156,140,158,243,149,142,145,143,148,143,135,176,178
DATA 254,255,254,255,254,255,254,255,254,255,254,255,254,255,254,255,254,255,254,255,254,255,254,255,254,255,254,255,254,255,254,255,254,255,254,255,254,255,176,180
DATA 148,154,158,243,145,153,149,128,149,129,141,160,133,157,130,212,229,243,244,160,208,225,231,229,302,160,156,140,158,146,243,150,152,147,128,151,152,129,176,181
DATA 148,154,158,243,145,153,149,128,149,129,141,160,133,157,130,212,229,243,244,160,208,225,231,229,302,160,156,140,158,146,243,150,152,147,128,151,152,129,176,181
DATA 129,128,129,160,128,160,129,158,160,158,160,151,172,302,147,302,150,303,146,302,149,302,145,303,148,302,160,148,128,129,128,129,128,129,128,129,176,183
DATA 254,255,254,255,254,255,254,255,254,255,254,255,254,255,254,255,254,255,254,255,254,255,254,255,254,255,254,255,254,255,254,255,254,255,254,255,254,255,176,184
DATA 129,128,129,128,129,128,129,128,129,128,129,128,129,128,129,128,129,128,129,128,129,128,129,128,129,128,129,128,129,128,129,128,129,128,129,128,129,128,176,185
DATA 254,255,254,255,254,255,254,255,254,255,254,255,254,255,254,255,254,255,254,255,254,255,254,255,254,255,254,255,254,255,254,255,254,255,254,255,254,255,177,176
DATA 129,128,129,128,129,128,129,128,129,128,129,128,129,128,129,128,129,128,129,128,129,128,129,128,129,128,129,128,129,128,129,128,129,128,129,128,129,128,302,177
DATA 254,255,254,255,254,255,254,255,254,255,254,255,254,255,254,255,254,255,254,255,254,255,254,255,254,255,254,255,254,255,254,255,254,255,254,255,254,255,177,178
DATA 129,128,129,128,129,128,129,128,129,128,129,128,129,128,129,128,129,128,129,128,129,128,129,128,129,128,129,128,129,128,129,128,129,128,129,128,129,128,177,179
DATA 254,255,254,255,254,255,254,255,254,255,254,255,254,255,254,255,254,255,254,255,254,255,254,255,254,255,254,255,254,255,254,255,254,255,254,255,254,255,177,180
DATA 129,128,129,128,129,128,129,128,129,128,129,128,129,128,129,128,129,128,129,128,129,128,129,128,129,128,129,128,129,128,129,128,129,128,129,128,129,128,177,181
DATA 254,255,254,255,254,255,254,255,254,255,254,255,254,255,254,255,254,255,254,255,254,255,254,255,254,255,254,255,254,255,254,255,254,255,254,255,254,255,177,182
DATA 215,232,233,244,229,131,217,229,302,236,239,247,134,195,249,225,238,130,199,242,302,229,238,133,205,225,231,229,238,244,225,129,210,229,228,132,194,236,245,229
DATA 151,154,161,162,163,147,164,165,166,167,150,168,169,170,171,146,172,173,174,175,153,176,177,178,179,149,180,181,182,183,145,184,185,186,187,148,188,189,190,191
DATA 302,160,161,162,163,160,164,165,166,167,160,168,169,170,171,160,172,173,174,175,160,176,177,178,179,160,180,181,182,183,160,184,185,186,187,160,188,189,190,191
DATA 160,192,193,194,195,160,196,197,198,199,160,200,201,202,203,160,204,205,206,207,160,208,209,210,211,160,212,213,214,215,160,216,217,218,219,160,220,221,222,223
DATA 160,224,225,226,227,160,228,229,230,231,160,232,233,234,235,160,236,237,238,239,160,240,241,242,243,160,244,245,246,247,160,248,249,250,251,160,252,253,254,255
DATA 148,224,225,226,227,145,228,229,230,231,149,232,233,234,235,146,236,237,238,239,154,240,241,242,243,150,244,245,246,247,147,248,249,250,251,151,252,253,254,255
DATA 131,152,195,239,238,227,229,225,236,136,198,236,225,243,232,131,170,302,139,194,239,248,137,211,244,229,225,228,249,152,199,239,238,229,302,138,191,150,222,255
DATA 130,208,129,210,134,197,132,211,135,212,133,197,131,204,310,32,135,177,185,176,184,177,184,225,303,32,131,32,32,176,240
DATA 146,157,132,157,336,32
DATA 130,157,132,157,336,32
DATA 130,157,148,255,157,321,32,146,136,32,248,255,180,308,32
DATA 130,157,148,255,157,322,32,136,146,302,255,181,308,32
DATA 130,157,148,309,255,158,311,255,136,304,255,32,137,234,308,255
DATA 130,157,148,312,255,158,303,255,175,239,303,255,136,304,255,32,137,234,308,255
DATA 130,157,148,157,310,32,146,232,254,303,255,229,254,302,255,253,304,32,302,255,181,308,32
DATA 130,157,148,157,310,32,146,303,255,191,249,255,191,175,302,255,245,32,32,254,302,255,181,308,32
DATA 130,157,148,157,309,32,146,224,303,255,181,255,183,254,255,246,239,255,180,254,303,255,161,308,32
DATA 130,157,148,157,309,32,146,250,303,255,181,255,165,303,255,170,243,254,303,255,161,309,32
DATA 130,157,148,157,308,32,146,224,305,255,252,254,242,175,229,305,255,161,310,32
DATA 130,157,148,157,307,32,146,232,315,255,165,311,32
DATA 130,157,148,157,307,32,146,250,313,255,191,161,312,32
DATA 130,157,148,157,306,32,146,248,313,255,191,161,313,32
DATA 130,157,148,157,32,32,146,32,224,240,254,312,255,175,161,315,32
DATA 130,157,148,157,32,146,252,254,313,255,175,161,317,32
DATA 130,157,148,157,32,146,312,255,191,163,304,32,135,212,239,32,243,302,229,32,239,245,242,305,32
DATA 130,157,148,157,32,146,310,255,191,161,32,32,135,231,225,302,236,229,242,249,32,239,230,32,208,242,229,243,244,229,236,32
DATA 130,157,148,157,32,146,308,255,191,161,303,32,135,32,240,233,227,244,245,242,229,243,172,234,245,243,244,32,235,302,229,240,32
DATA 130,157,148,157,32,146,306,255,191,161,306,32,135,304,32,240,242,229,302,243,233,238,231,32,184,305,32
DATA 130,157,148,157,32,146,305,163,161,328,32
DATA 130,157,148,157,376,32
DATA 130,208,129,210,134,197,132,211,135,212,133,197,131,204,310,32,135,177,185,176,184,177,184,177,225,32,32,131,32,32,176,240
DATA 150,157,338,32
DATA 150,157,32,132,141,195,239,238,243,244,242,245,227,244,233,239,238,32,201,238,228,245,243,244,242,249,314,32
DATA 150,157,32,132,141,195,239,238,243,244,242,245,227,244,233,239,238,32,201,238,228,245,243,244,242,249,314,32
DATA 150,157,309,32,134,157,313,32,145,302,240,248,240,176,308,32
DATA 150,157,309,32,145,302,240,188,172,239,163,235,163,235,163,235,163,235,163,235,302,163,302,255,302,163,255,252,240,304,32
DATA 134,157,307,32,145,306,163,183,312,163,251,247,302,163,302,255,302,163,303,32
DATA 134,157,313,32,145,181,311,32,145,181,234,32,32,302,163,305,32
DATA 134,157,313,32,145,181,310,32,145,240,245,250,309,32
DATA 134,157,306,32,149,181,32,32,136,32,304,255,137,303,32,234,304,32,145,235,255,234,309,32
DATA 134,157,158,305,32,149,302,255,157,136,150,303,255,149,302,255,137,255,134,157,303,32,145,302,255,250,309,32
DATA 134,157,306,32,149,255,303,32,234,181,32,32,234,181,303,32,255,305,32,145,247,251,309,32
DATA 150,255,158,305,255,147,255,175,255,175,255,175,255,175,255,175,255,175,255,134,157,304,32,145,181,234,309,32
DATA 148,255,158,304,255,150,147,255,240,255,240,255,240,255,240,255,240,255,240,255,134,157,304,32,145,245,250,309,32
DATA 148,158,181,32,181,32,255,150,147,313,255,150,157,304,32,145,181,234,309,32
DATA 148,255,158,304,255,134,157,32,32,147,234,305,32,234,309,32,145,245,250,309,32
DATA 148,158,181,32,181,32,255,150,147,317,255,134,157,145,181,234,309,32
DATA 148,255,158,304,255,150,147,183,310,163,191,303,175,239,175,150,157,145,181,234,310,32
DATA 193,203,197,210,148,302,255,147,181,305,32,151,224,240,176,147,191,303,175,239,32,134,157,145,183,235,303,32,146,304,255,32
DATA 148,304,163,255,163,235,147,181,32,32,232,254,255,151,250,240,245,147,181,303,32,234,145,308,255,32,146,181,234,32,32
DATA 148,304,252,255,32,234,147,181,151,175,255,302,175,239,191,239,191,147,181,303,32,234,145,174,255,304,175,255,173,146,305,255
DATA 151,157,132,195,239,245,242,244,229,243,249,32,239,230,32,206,225,244,233,239,238,225,236,32,194,245,233,236,228,233,238,231,32,193,231,229,238,227,249,32
DATA 380,32
DATA 130,208,129,210,134,197,132,211,135,212,133,197,131,204,310,32,135,177,185,176,184,177,184,178,225,32,32,131,32,32,176,240
DATA 135,157,338,32
DATA 151,157,338,32
DATA 151,157,338,32
DATA 151,157,338,32
DATA 151,157,338,32
DATA 151,157,321,32,148,154,302,255,313,32
DATA 151,157,148,303,32,153,302,255,181,314,32,154,302,255,181,312,32
DATA 151,157,148,154,32,32,153,302,255,181,32,150,303,240,307,32,148,154,32,303,255,32,32,153,255,308,32
DATA 151,157,148,303,32,153,302,255,181,32,150,303,255,32,148,154,303,255,304,32,303,255,32,32,153,255,308,32
DATA 151,157,148,154,302,255,153,302,255,181,32,150,303,255,302,148,154,303,255,304,32,303,255,181,32,153,255,181,32,303,255,150,154,255
DATA 151,157,148,154,302,255,153,302,255,181,32,150,303,255,148,234,255,158,154,255,304,32,303,255,181,32,153,255,181,32,302,255,150,154,302,255
DATA 151,157,148,154,302,255,153,302,255,181,32,150,303,255,148,234,255,158,154,255,304,32,304,255,32,153,255,181,32,302,255,150,154,302,255
DATA 151,157,148,252,305,255,181,232,252,305,255,157,151,154,302,255,158,157,148,304,255,32,153,305,255,150,154,302,255
DATA 148,302,255,158,154,255,158,153,304,255,158,154,303,255,157,151,32,303,255,157,148,302,158,157,153,157,310,32
DATA 148,175,158,255,154,255,158,153,157,32,156,255,154,255,303,153,255,154,255,153,304,255,154,302,255,153,305,255,191,32,255,154,302,255
DATA 148,32,158,255,154,255,167,235,255,153,32,255,154,303,255,239,303,255,167,239,303,255,239,302,255,191,170,255,153,235,181,156,32,255,154,167,235
DATA 148,32,32,162,175,32,154,162,161,162,304,32,191,161,32,171,191,161,32,32,171,191,161,32,171,255,181,32,32,255,153,303,32,175,163,342,32
DATA 150,339,32
DATA 150,339,32
DATA 135,307,32,195,239,245,242,244,229,243,249,32,239,230,32,205,233,302,236,243,32,166,32,193,302,236,229,238,387,32
DATA 130,208,129,210,134,197,132,211,135,212,133,197,131,204,310,32,135,177,185,176,184,177,184,179,225,32,32,131,32,32,176,240
DATA 150,157,338,32
DATA 150,157,32,148,183,181,234,32,302,181,303,234,163,181,183,165,32,32,183,235,32,32,181,302,234,163,302,181,302,234,171,32,183,161,305,32
DATA 150,157,32,148,183,235,234,32,181,173,238,302,234,32,302,181,235,32,32,189,238,32,32,183,235,234,32,302,181,234,226,163,181,183,161,305,32
DATA 150,157,32,148,302,163,162,163,161,302,163,302,162,32,161,302,163,32,32,161,162,32,32,161,302,162,163,161,302,163,162,163,161,163,161,345,32
DATA 320,32,151,162,302,255,161,315,32
DATA 312,32,145,32,224,254,310,255,253,176,312,32
DATA 312,32,145,248,314,255,244,311,32
DATA 308,32,303,146,180,32,151,234,255,172,189,238,172,302,255,172,189,238,172,255,181,312,32
DATA 150,308,32,146,234,255,32,151,234,255,252,253,254,252,302,255,252,253,254,252,255,181,312,32
DATA 308,32,302,146,302,255,181,151,234,312,255,245,306,240,306,32
DATA 308,32,146,232,302,255,253,151,234,255,232,172,236,234,302,255,175,191,239,175,302,255,232,303,252,234,181,306,32
DATA 151,306,189,181,146,234,303,255,151,234,255,234,252,254,234,302,255,163,183,235,163,302,255,234,303,255,234,181,305,189,181
DATA 151,307,181,146,32,171,191,161,151,234,255,234,302,255,234,308,255,234,255,251,255,234,307,181
DATA 146,157,338,32
DATA 146,157,303,32,132,334,32
DATA 146,157,338,32
DATA 146,157,303,32,132,334,32
DATA 146,157,338,32
DATA 146,157,303,32,132,334,32
DATA 146,157,338,32
DATA 146,157,304,32,132,195,207,213,210,212,197,211,217,32,207,198,32,206,207,210,215,201,195,200,32,213,206,201,207,206,308,32
DATA 130,170,177,185,176,184,177,184,180,331,32
DATA 130,208,129,210,134,197,132,211,135,212,133,197,131,204,310,32,135,177,185,176,184,177,184,180,225,32,32,131,32,32,176,240
DATA 148,157,338,32
DATA 148,157,150,162,235,163,224,240,224,240,176,302,240,224,240,176,302,240,224,240,176,240,176,248,176,32,32,302,240,224,240,176,240,250,306,32
DATA 148,157,150,32,234,32,234,32,232,172,302,181,234,170,172,180,181,302,234,32,302,181,32,234,303,32,188,238,234,32,302,181,234,306,32
DATA 148,157,150,32,162,32,162,32,162,163,302,161,302,162,163,161,183,163,162,163,302,161,32,162,161,32,32,302,163,162,32,161,302,163,306,32
DATA 148,157,304,32,150,235,163,181,177,302,240,224,244,224,240,226,234,240,302,176,302,224,244,226,224,240,176,302,240,309,32
DATA 148,157,304,32,150,234,32,302,181,173,236,32,181,234,32,302,234,32,302,181,234,32,181,302,234,32,302,181,234,309,32
DATA 148,157,304,32,150,302,163,302,161,302,163,32,163,162,32,302,162,163,161,302,163,32,163,302,162,163,302,161,162,309,32
DATA 148,157,322,32,150,312,252,180,32,32
DATA 148,157,322,32,150,312,255,181,32,32
DATA 148,157,321,32,151,150,312,255,181,32,32
DATA 148,157,321,32,151,150,183,151,255,181,303,32,150,303,32,162,181,32,32
DATA 148,157,313,32,302,147,150,255,181,303,32,302,150,181,232,254,252,304,32,302,150,32,32,181,32,32
DATA 148,157,313,32,302,145,184,252,188,176,150,32,150,302,181,231,179,243,165,305,32,150,32,181,32,32
DATA 148,157,32,150,310,32,302,145,254,32,255,181,234,180,32,150,162,312,255,181,32,32
DATA 148,157,32,150,232,163,255,183,304,163,233,32,151,162,163,233,163,233,302,163,32,302,150,312,255,181,32,32
DATA 148,157,302,150,254,248,254,252,304,240,250,180,32,148,151,255,252,254,181,32,32,151,150,255,183,163,306,255,183,163,255,181,32,32
DATA 148,157,150,234,302,163,183,304,163,183,163,235,32,151,224,303,255,245,303,32,150,255,247,302,255,183,303,163,302,255,247,255,181,32,32
DATA 148,157,150,234,247,302,255,303,243,251,255,247,255,32,148,151,162,255,183,32,151,32,148,151,302,255,181,150,304,163,161,151,302,255,181,32,32
DATA 148,157,151,234,255,307,32,234,255,32,150,148,151,255,181,32,147,32,148,151,302,255,181,307,32,302,255,181,32,32
DATA 146,157,338,32
DATA 146,157,303,32,132,32,195,207,213,210,212,197,211,217,32,207,198,32,206,207,210,215,201,195,200,32,213,206,201,207,206,388,32
DATA 130,208,129,210,134,197,132,211,135,212,133,197,131,204,310,32,135,177,185,176,184,177,184,181,225,32,32,131,32,32,176,240
DATA 340,32
DATA 150,305,32,234,235,32,176,302,224,240,176,177,302,240,224,240,176,302,240,224,240,176,32,234,32,181,183,165,234,163,181,306,32
DATA 150,305,32,234,163,302,181,234,170,172,180,302,181,302,234,172,165,173,236,170,172,180,32,234,32,181,179,235,234,172,181,306,32
DATA 151,162,302,255,161,150,162,163,161,302,163,162,163,303,161,302,162,163,161,302,163,162,163,161,32,162,163,161,302,163,162,32,161,306,32
DATA 158,151,255,148,312,240,145,304,240,308,252,305,255,306,32
DATA 158,151,157,148,247,255,247,255,247,255,247,255,247,255,247,255,145,305,175,308,163,161,303,32,156,306,32
DATA 158,157,148,191,253,191,253,191,253,191,253,191,253,191,255,145,305,240,248,307,252,254,302,255,156,307,32
DATA 158,157,148,255,247,255,247,255,247,255,247,255,247,302,255,145,306,175,307,163,161,303,32,156,306,32
DATA 158,157,148,253,191,253,191,253,191,253,191,253,191,253,255,145,306,240,248,307,252,302,255,156,307,32
DATA 158,157,148,247,255,247,255,247,255,247,255,247,255,247,255,145,306,175,307,163,161,303,32,156,306,32
DATA 158,157,148,191,253,191,253,191,253,191,253,191,253,191,255,145,306,240,248,307,252,302,255,156,307,32
DATA 158,157,148,312,255,145,306,255,191,307,175,302,163,159,156,306,32
DATA 151,157,145,319,32,224,307,240,303,252,156,306,32
DATA 151,157,145,327,255,303,175,156,306,32
DATA 151,157,145,319,163,161,307,32,303,240,156,305,32
DATA 158,32,157,145,319,252,310,255,156,307,32
DATA 151,157,145,319,175,308,163,303,32,156,306,32
DATA 151,157,145,319,240,308,252,303,255,156,305,32
DATA 158,151,255,145,319,175,308,163,309,32
DATA 158,151,302,255,337,32
DATA 151,302,255,336,32
DATA 151,32,302,255,376,32
DATA 130,208,129,210,134,197,132,211,135,212,133,197,131,204,310,32,135,177,185,176,184,177,184,183,225,32,32,131,32,32,176,240
DATA 340,32
DATA 134,157,136,151,32,250,255,253,254,302,255,157,150,306,255,157,320,32
DATA 134,157,136,151,250,255,158,157,32,134,32,150,232,305,255,157,151,252,248,244,240,244,240,176,137,248,252,244,248,252,253,306,32
DATA 134,157,136,151,171,239,255,158,157,32,150,232,306,255,157,151,235,303,255,158,137,308,255,180,305,32
DATA 150,157,136,151,32,162,302,255,175,239,175,157,150,235,305,255,157,151,171,303,255,158,137,171,303,255,175,239,255,306,32
DATA 150,157,136,151,318,32,302,163,175,167,137,32,32,162,163,145,170,255,191,305,32
DATA 150,157,148,306,32,163,175,302,255,319,32,145,255,181,305,32
DATA 150,157,148,304,32,158,303,32,255,145,307,32,254,253,310,32,145,255,181,305,32
DATA 150,157,148,158,303,32,158,303,32,255,145,157,32,134,319,224,32,145,150,157,32
DATA 150,157,148,158,307,32,255,145,324,255,150,157,32
DATA 134,157,148,158,306,32,234,255,145,304,255,32,208,210,197,211,212,197,204,32,197,216,208,210,197,302,211,145,304,255,165,32
DATA 150,157,148,255,181,303,32,234,255,158,157,145,303,255,302,175,239,305,255,302,175,239,310,255,150,302,255
DATA 150,157,148,255,181,303,32,234,255,158,157,145,255,167,304,32,162,239,255,167,304,32,162,239,255,307,32,150,302,255
DATA 147,157,148,255,245,303,240,250,255,158,156,159,149,254,303,255,158,255,180,32,254,157,136,32,148,232,302,252,157,305,255,137,147,302,255
DATA 147,157,149,248,255,158,253,176,248,255,156,253,176,234,306,255,159,234,157,136,32,148,248,167,137,148,306,255,158,147,302,255
DATA 147,157,149,255,158,302,255,181,255,158,156,255,181,32,255,157,136,148,255,307,172,255,307,172,255,32,137,147,241,255
DATA 146,157,149,171,255,158,191,161,171,255,156,191,161,32,32,171,239,255,175,161,303,32,171,239,255,175,161,303,32,171,239,255,175,161,32,146,157,32
DATA 148,163,175,303,163,175,303,163,175,303,163,175,303,163,175,303,163,175,303,163,175,303,163,175,303,163,175,303,163,175,163
DATA 147,157,154,146,141,331,255,304,32
DATA 147,157,154,146,141,331,255,304,32
DATA 147,157,154,141,146,331,255,304,32
DATA 147,157,154,141,146,331,255,344,32
DATA 130,208,129,210,134,197,132,211,135,212,133,197,131,204,310,32,135,177,185,176,184,177,302,184,225,32,32,131,32,32,176,240
DATA 307,32,314,148,224,318,32
DATA 307,32,303,148,224,252,244,303,32,224,248,302,252,254,253,164,32,32,248,252,176,312,32
DATA 309,32,148,254,302,255,180,32,32,191,239,253,254,255,247,32,32,224,303,255,244,311,32
DATA 308,32,148,250,303,255,181,32,168,172,236,303,255,247,161,32,234,304,255,180,310,32
DATA 305,32,303,148,254,304,255,181,32,32,162,227,251,303,255,181,32,234,305,255,180,309,32
DATA 305,32,148,32,174,235,302,255,239,255,245,32,32,232,305,255,163,32,234,302,255,239,255,247,163,164,308,32
DATA 307,32,148,183,235,161,180,235,163,244,232,254,305,255,244,224,183,235,161,180,235,163,181,309,32
DATA 306,32,148,234,253,180,241,240,177,252,255,253,306,255,253,254,253,180,241,240,177,252,255,176,308,32
DATA 306,32,148,254,191,253,303,252,303,255,191,239,167,178,239,175,303,255,253,303,252,191,255,253,308,32
DATA 303,32,302,148,32,170,167,233,255,191,305,255,245,178,164,161,166,240,307,255,253,162,171,308,32
DATA 305,32,148,32,224,254,191,233,305,255,239,181,302,172,164,255,239,255,239,191,239,255,187,255,245,309,32
DATA 306,32,148,250,191,161,254,255,233,255,167,191,234,304,255,191,170,183,234,255,170,255,253,171,255,244,308,32
DATA 146,303,32,148,32,162,161,32,232,255,165,250,191,32,225,254,304,255,253,244,32,162,239,181,239,255,180,310,32
DATA 305,32,148,32,32,224,254,183,32,167,225,248,308,255,244,240,162,173,162,239,255,176,309,32
DATA 305,32,303,148,254,183,161,303,32,238,302,255,191,306,255,177,303,32,162,239,253,176,308,32
DATA 131,212,200,197,146,302,148,162,161,224,248,176,32,224,254,175,235,233,303,255,170,235,175,244,176,32,224,176,311,32
DATA 131,211,201,199,206,302,148,32,32,161,243,255,252,191,253,244,137,250,303,255,180,224,252,254,255,252,187,167,161,32,131,195,207,213,210,212,197,211,217
DATA 131,207,198,32,212,200,197,148,32,232,175,229,255,32,32,162,224,304,255,245,161,163,32,226,247,171,189,180,32,32,131,32,207,198,304,32
DATA 131,211,208,210,197,193,196,148,303,32,170,161,303,32,254,191,303,255,239,253,303,32,183,304,32,131,194,193,210,195,204,193,217,211
DATA 131,197,193,199,204,197,148,307,32,224,254,191,251,183,255,235,247,239,253,176,307,32,131,194,193,206,203,303,32
DATA 148,305,32,148,307,32,191,163,248,255,229,255,186,255,246,171,165,315,32
DATA 148,305,32,148,309,32,239,167,234,255,181,170,191,357,32
DATA 130,208,129,210,134,197,132,211,135,212,133,197,131,204,310,32,135,177,185,176,184,177,184,185,225,32,32,131,32,32,176,240
DATA 132,157,338,32
DATA 148,157,147,316,32,240,176,319,32
DATA 148,157,147,224,252,302,255,244,240,307,32,224,254,303,255,253,244,317,32
DATA 148,157,147,171,306,255,244,240,32,248,252,254,255,171,255,171,303,255,245,316,32
DATA 148,157,147,32,162,163,175,157,145,307,32,224,302,252,244,176,32,32,148,136,171,312,255,157,32
DATA 132,157,147,224,252,157,145,308,32,224,302,255,191,187,305,32,148,136,171,308,255,157,303,32
DATA 148,157,147,170,303,175,157,145,306,32,162,175,167,172,161,307,32,148,136,171,304,255,157,305,32
DATA 148,157,147,158,32,32,250,323,255,136,244,308,32
DATA 148,157,147,158,32,32,171,167,163,175,318,255,136,304,255,244,176,305,32
DATA 148,157,147,158,307,32,302,163,235,313,255,136,306,255,253,305,32
DATA 148,157,145,158,240,176,32,147,305,32,254,312,255,136,175,239,306,255,244,304,32
DATA 148,157,145,32,255,181,147,306,32,162,311,255,165,136,32,171,307,255,304,32
DATA 148,157,145,240,243,241,176,147,306,32,171,235,309,255,180,136,304,32,162,171,239,255,183,304,32
DATA 148,157,145,303,175,165,147,308,32,235,308,255,315,32
DATA 148,157,145,303,255,181,147,309,32,170,304,255,165,317,32
DATA 132,157,145,303,252,180,32,146,309,32,234,32,234,319,32
DATA 148,157,145,303,243,177,146,310,32,234,32,234,310,32,134,208,236,229,225,243,229,32,32
DATA 148,157,145,303,175,165,146,308,32,224,184,238,165,231,172,240,224,176,306,32,134,240,242,229,302,243,32,184,32
DATA 148,157,145,303,255,157,146,306,32,162,166,169,304,32,163,172,179,228,306,32,148,157,255,306,32
DATA 148,157,145,302,255,157,129,211,239,302,242,249,172,146,161,168,316,32,148,157,255,305,32
DATA 148,157,145,255,157,129,244,232,233,243,32,240,225,231,229,32,245,243,229,243,32,194,225,227,235,231,242,239,245,238,228,32,32,148,157,255,304,32
DATA 132,157,129,157,195,239,236,239,245,242,172,32,247,232,233,227,232,32,249,239,245,32,227,225,302,238,239,244,32,243,302,229,174,32,148,157,140,255,342,32
DATA 130,208,129,210,134,197,132,211,135,212,133,197,131,204,310,32,135,177,185,176,184,177,185,176,225,32,32,131,32,32,176,240
DATA 342,32
DATA 148,309,32,240,176,32,168,176,307,32,176,317,32
DATA 148,310,32,162,244,32,234,306,32,182,305,32,240,176,311,32
DATA 148,304,32,224,242,228,32,224,254,305,255,244,32,32,224,180,32,302,255,252,240,166,313,32
DATA 148,305,32,174,255,253,308,255,253,248,255,225,32,239,304,255,180,312,32
DATA 148,306,32,162,235,307,255,191,303,255,183,32,32,171,239,303,255,180,224,240,309,32
DATA 148,307,32,234,307,255,181,255,235,255,191,304,32,304,255,247,176,309,32
DATA 148,306,32,184,238,255,191,167,302,163,175,239,181,255,32,167,32,32,168,174,239,304,255,32,162,309,32
DATA 148,305,32,162,32,234,247,248,188,165,162,169,254,302,255,180,32,302,224,162,243,238,304,255,311,32
DATA 148,305,32,240,176,234,255,247,254,247,302,162,303,255,32,32,162,32,248,165,32,171,303,255,311,32
DATA 148,304,32,234,302,255,234,302,255,241,302,240,254,302,255,191,224,306,32,240,234,302,255,176,310,32
DATA 148,304,32,234,245,240,309,255,181,234,253,304,32,234,304,255,162,228,309,32
DATA 148,304,32,234,311,255,253,162,237,240,303,32,170,167,32,255,175,232,162,309,32
DATA 148,305,32,175,305,255,191,225,302,255,191,175,32,170,163,306,32,255,181,170,310,32
DATA 148,306,32,239,303,255,191,248,304,255,181,32,32,168,244,304,32,250,255,161,311,32
DATA 148,306,32,162,303,255,245,235,255,165,241,303,244,252,176,304,32,180,255,183,312,32
DATA 148,307,32,170,303,255,180,239,244,235,303,163,183,304,32,224,229,191,313,32
DATA 148,308,32,162,239,302,255,176,255,244,302,172,236,248,304,32,250,255,161,32,32,131,196,210,193,195,213,204,193,303,32
DATA 148,310,32,239,303,255,245,307,32,232,255,181,303,32,145,163,171,239,171,163,175,163,303,32
DATA 148,311,32,235,303,255,175,161,304,32,248,167,251,303,32,136,145,170,32,232,162,32,180,170,303,32
DATA 148,312,32,162,239,176,303,32,224,248,191,161,250,161,315,32
DATA 148,313,32,162,175,302,172,303,175,32,170,161,307,32,131,203,229,249,32,184
DATA 341,32
DATA 130,208,129,210,134,197,132,211,135,212,133,197,131,204,310,32,135,177,185,176,184,177,185,177,225,32,32,131,32,32,176,240
DATA 326,32,132,305,32,304,252,304,32
DATA 132,305,252,32,306,252,32,306,252,32,305,252,32,304,252,304,32,252,304,32
DATA 132,305,252,32,306,252,32,306,252,32,305,252,304,32,252,32,304,252,304,32
DATA 132,302,252,304,32,302,252,32,32,302,252,303,32,302,252,303,32,302,252,304,32,304,252,32,252,307,32
DATA 132,302,252,304,32,306,252,303,32,302,252,303,32,305,252,32,252,312,32
DATA 132,302,252,304,32,306,252,303,32,302,252,306,32,302,252,303,32,151,248,302,255,253,176,305,32
DATA 132,305,252,32,302,252,32,32,302,252,303,32,302,252,303,32,305,252,32,252,151,232,305,255,180,304,32
DATA 132,305,252,32,302,252,32,32,302,252,303,32,302,252,303,32,305,252,151,240,248,254,240,251,302,255,231,187,176,303,32
DATA 303,32,148,319,32,129,151,224,254,307,255,191,250,233,185,176,32
DATA 324,32,151,254,308,255,233,302,255,302,181,32
DATA 321,32,302,151,224,172,308,255,191,250,302,255,302,181,32
DATA 321,32,302,151,181,32,234,302,255,233,304,255,245,171,302,255,185,161,32
DATA 321,32,302,151,162,228,166,175,249,167,162,171,255,183,32,169,172,166,303,32
DATA 329,32,151,247,243,251,307,32
DATA 308,32,132,312,32,145,32,129,252,32,252,32,302,151,248,255,245,307,32
DATA 129,304,252,32,32,305,252,32,305,252,32,304,252,32,252,32,252,32,151,254,303,255,176,306,32
DATA 129,252,32,32,252,32,32,252,303,32,252,303,32,252,303,32,252,137,145,32,129,252,32,252,32,151,235,302,255,229,302,181,305,32
DATA 129,305,252,32,305,252,303,32,252,303,32,304,252,32,252,32,252,32,151,162,302,239,246,185,239,252,304,32
DATA 129,252,303,32,252,32,252,303,32,252,303,32,252,304,32,302,129,252,32,252,32,252,32,151,240,302,250,255,176,32,163,304,32
DATA 129,252,303,32,252,32,252,303,32,252,303,32,252,304,32,302,129,252,145,303,32,151,175,169,304,255,306,32
DATA 129,252,32,129,32,252,32,252,303,32,252,303,32,252,303,32,304,252,32,252,129,252,393,32
DATA 130,208,129,210,134,197,132,211,135,212,133,197,131,204,310,32,135,177,185,176,184,177,185,179,225,32,32,131,32,32,176,240
DATA 340,32
DATA 151,135,151,248,245,304,32,250,244,312,32,312,172,305,32
DATA 135,151,254,302,255,253,32,32,254,302,255,253,131,311,32,212,232,229,32,197,193,211,212,197,204,306,32
DATA 135,151,304,255,32,32,304,255,328,32
DATA 135,151,170,302,255,181,32,32,234,302,255,165,309,32,131,32,194,245,302,238,249,32,202,233,231,243,225,247,305,32
DATA 302,151,32,239,255,181,32,32,234,255,191,312,32,312,172,306,32
DATA 302,151,162,255,181,248,244,234,255,161,329,32
DATA 135,151,240,308,255,240,306,32,224,180,32,32,244,131,317,32
DATA 151,310,255,305,32,232,302,255,176,250,255,253,316,32
DATA 302,151,310,255,305,32,170,302,255,181,302,255,191,131,315,32
DATA 302,151,170,239,306,255,191,165,306,32,170,255,32,234,191,318,32
DATA 302,151,162,171,239,302,255,191,167,161,307,32,224,255,302,254,245,304,32,151,32,32,254,176,250,180,308,32
DATA 302,151,32,250,302,255,245,309,32,305,255,181,305,32,170,255,165,239,191,308,32
DATA 302,151,224,304,255,176,308,32,171,303,255,191,161,306,32,251,302,254,177,306,32
DATA 129,151,32,151,254,304,255,253,309,32,234,302,255,307,32,170,303,255,191,306,32
DATA 151,135,151,234,306,255,181,307,32,224,303,255,245,307,32,171,255,191,161,306,32
DATA 135,151,224,302,255,167,248,244,171,302,255,176,306,32,250,304,255,176,306,32,250,302,255,176,306,32
DATA 151,248,170,302,255,170,302,255,165,302,255,165,254,253,303,32,232,255,191,249,187,255,253,305,32,254,304,255,180,305,32
DATA 151,255,253,187,255,253,178,225,254,255,231,254,302,255,32,224,252,242,239,246,239,231,254,231,248,244,303,32,239,255,185,251,255,165,305,32
DATA 151,239,304,255,181,234,304,255,191,167,32,171,304,255,181,304,255,191,161,32,254,253,251,183,255,249,255,180,304,32
DATA 130,32,336,217,303,32
DATA 131,203,229,249,32,184,32,244,239,32,227,239,238,244,233,238,245,229,303,174,358,32
DATA 130,208,129,210,134,197,132,211,135,212,133,197,131,204,310,32,135,177,185,176,184,177,185,180,225,32,32,131,32,32,176,240
DATA 145,319,32,240,254,234,317,32
DATA 145,317,32,248,254,255,165,234,317,32
DATA 147,191,181,191,303,181,32,181,191,181,191,181,148,32,32,224,254,302,255,191,145,234,151,176,315,32
DATA 147,173,180,189,303,181,32,304,181,240,145,32,248,304,255,161,32,234,151,253,315,32
DATA 147,253,304,181,253,180,303,181,253,254,148,248,304,255,183,145,32,234,151,255,253,314,32
DATA 145,312,32,232,305,255,181,32,32,234,151,302,255,253,313,32
DATA 131,208,236,229,225,243,229,148,304,32,224,306,255,145,32,32,234,151,303,255,253,176,311,32
DATA 131,203,229,249,32,184,145,305,32,250,306,255,303,32,234,151,304,255,253,311,32
DATA 148,311,32,307,255,145,32,32,234,151,305,255,253,310,32
DATA 145,311,32,307,255,303,32,234,151,306,255,253,309,32
DATA 148,311,32,307,255,145,32,32,234,151,307,255,253,176,307,32
DATA 145,311,32,170,306,255,181,32,32,234,151,308,255,253,176,306,32
DATA 148,312,32,239,305,255,253,145,32,234,151,304,255,306,175,180,305,32
DATA 145,312,32,162,239,305,255,245,32,234,151,304,255,135,211,195,32,177,151,255,244,304,32
DATA 145,314,32,163,239,304,255,245,234,151,312,255,253,303,32
DATA 151,307,32,224,305,240,176,303,32,304,240,250,306,240,311,32
DATA 151,307,32,162,228,32,181,32,32,181,32,248,254,255,247,302,243,251,247,304,243,255,253,240,303,32,304,172,188,172
DATA 145,309,32,171,326,255,151,181,32
DATA 145,310,32,162,239,324,255,151,302,255
DATA 148,309,243,151,136,162,168,224,148,137,323,243
DATA 148,313,172,151,136,162,168,224,148,137,306,172,135,195,207,213,210,212,197,211,217,32,207,198,32
DATA 148,324,243,135,211,208,207,210,212,211,32,195,207,213,206,195,201,204
DATA 340,32
DATA 130,208,129,210,134,197,132,211,135,212,133,197,131,204,310,32,135,177,185,176,184,177,185,181,225,32,32,131,32,32,176,240
DATA 148,339,240
DATA 132,157,307,32,134,199,207,32,207,206,172,32,199,201,302,205,197,32,193,32,203,201,302,211,311,32
DATA 148,339,163
DATA 131,195,239,245,242,244,229,243,249,32,239,230,328,32
DATA 131,196,229,245,244,243,227,232,229,146,304,32,184,239,255,252,302,255,252,254,255,253,302,252,176,313,32
DATA 131,194,245,238,228,229,243,240,239,243,244,146,32,232,163,233,235,308,255,167,242,180,312,32
DATA 146,312,32,162,188,166,234,308,255,170,240,181,312,32
DATA 146,312,32,234,255,252,303,255,251,302,255,251,302,255,244,250,180,312,32
DATA 146,311,32,232,171,313,255,189,312,32
DATA 146,311,32,254,245,136,302,163,302,175,239,255,191,303,175,163,137,249,312,32
DATA 146,310,32,234,255,191,175,302,255,302,252,244,240,248,303,252,247,243,251,244,176,310,32
DATA 146,309,32,248,247,252,254,316,255,176,309,32
DATA 146,308,32,254,320,255,181,309,32
DATA 146,308,32,303,255,303,175,243,187,239,306,255,247,243,252,171,302,255,181,309,32
DATA 146,308,32,303,255,239,313,255,191,32,302,255,253,309,32
DATA 146,307,32,232,303,255,162,239,311,255,191,161,224,254,302,255,309,32
DATA 146,307,32,234,303,255,32,162,175,304,255,191,303,175,224,303,252,304,255,309,32
DATA 146,307,32,234,304,255,253,252,188,164,307,32,302,163,32,251,191,163,161,309,32
DATA 146,306,32,248,255,191,167,239,255,253,180,325,32
DATA 146,306,32,255,183,303,32,302,163,326,32
DATA 329,32,131,203,229,249,32,184,305,32
DATA 327,32,131,244,239,32,227,239,238,244,233,238,245,229,32
DATA 340,32
DATA 130,208,129,210,134,197,132,211,135,212,133,197,131,204,310,32,135,177,185,176,184,177,185,182,225,32,32,131,32,32,176,240
DATA 148,157,338,32
DATA 148,157,134,204,193,206,196,211,195,193,208,197,328,32
DATA 148,157,134,195,239,245,242,244,229,243,249,32,239,230,326,32
DATA 148,157,134,196,229,245,244,243,227,232,229,32,194,245,238,228,229,243,240,239,243,244,318,32
DATA 148,157,338,32
DATA 148,157,338,32
DATA 148,157,151,312,32,248,176,32,32,224,254,156,148,171,255,157,307,32,151,32,32,248,156,148,235
DATA 148,157,151,307,32,158,303,32,250,255,156,180,248,302,255,245,32,148,32,239,303,255,157,151,303,32,248,255,156,303,32
DATA 148,157,151,32,32,250,156,148,163,175,157,151,248,255,158,156,231,254,305,255,253,176,32,158,148,163,171,239,157,151,250,255,156,181,303,32
DATA 148,157,151,248,255,156,304,32,248,314,255,176,32,32,302,240,252,304,255,191,304,32
DATA 151,248,302,255,167,303,32,248,252,255,157,150,32,32,248,255,156,151,163,175,305,255,158,156,306,255,167,32,240,252,254,255
DATA 150,157,151,158,224,240,252,157,150,32,32,302,240,252,255,156,255,253,244,176,32,151,163,171,239,315,255
DATA 151,157,150,304,32,240,252,305,255,158,303,255,156,255,302,252,302,240,159,151,163,175,157,150,240,254,156,151,163,171,175,303,255
DATA 135,157,150,240,252,306,255,175,163,32,156,171,175,315,255,253,244,302,240,304,32
DATA 150,157,151,248,255,156,150,171,167,151,304,255,245,150,32,32,163,175,157,151,240,158,240,252,255,156,150,162,171,306,255,303,252
DATA 151,302,175,243,252,254,255,167,248,254,305,255,180,305,32,302,163,302,175,304,255,245,150,32,163,302,175,305,255
DATA 151,315,255,244,309,32,302,163,302,175,253,244,303,32,150,302,163,171,175
DATA 151,317,255,303,252,304,240,306,32,303,163,306,32
DATA 151,157,150,32,303,240,306,252,180,326,32
DATA 150,157,312,32,151,304,163,303,32,302,240,32,303,163,304,175,255,157,306,32
DATA 135,157,150,175,304,163,32,162,171,175,305,255,175,302,163,305,32,163,171,239,307,255,175,167,303,163
DATA 322,32,203,229,249,32,184,32,244,239,32,227,239,238,244,233,238,245,229,32
DATA 340,32
DATA 130,208,129,210,134,197,132,211,135,212,133,197,131,204,310,32,135,177,185,176,184,177,185,183,225,32,32,131,32,32,176,240
DATA 132,157,134,205,193,210,201,204,217,206,32,205,207,206,210,207,197,323,32
DATA 129,157,147,154,304,32,248,303,255,191,167,241,254,191,311,255,252,176,310,32
DATA 129,157,147,154,303,32,254,303,255,167,224,174,243,251,254,313,255,244,309,32
DATA 129,157,147,154,32,32,250,303,255,165,224,252,318,255,180,308,32
DATA 129,157,147,154,32,32,304,255,232,310,255,191,175,309,255,176,307,32
DATA 129,157,147,154,32,32,170,255,243,175,309,255,175,241,303,252,251,304,255,167,302,255,253,307,32
DATA 129,157,147,154,32,32,168,234,255,253,170,307,255,253,309,255,181,32,163,175,255,181,306,32
DATA 129,157,147,154,303,32,225,235,255,181,239,175,227,240,305,255,167,302,163,231,241,303,255,181,248,252,240,162,229,176,305,32
DATA 129,157,147,154,304,32,240,239,181,32,250,255,302,252,186,302,255,253,312,255,245,234,255,305,32
DATA 129,157,147,154,304,32,161,250,32,32,191,175,163,248,245,311,255,234,304,255,250,255,181,304,32
DATA 129,157,147,154,304,32,162,239,240,32,32,248,302,255,183,311,255,234,305,255,191,181,304,32
DATA 129,157,147,154,305,32,302,255,176,224,303,255,32,171,247,252,254,255,253,187,304,255,181,304,255,161,224,305,32
DATA 129,157,147,154,304,32,170,255,182,165,170,303,255,253,254,302,255,239,175,239,255,254,303,255,253,187,302,255,165,224,255,305,32
DATA 129,157,147,154,305,32,171,255,176,32,162,239,255,183,191,161,240,252,188,172,234,306,255,32,32,224,250,255,181,304,32
DATA 129,157,147,154,305,32,176,234,255,180,32,176,255,253,161,170,167,241,252,167,250,306,255,32,32,163,227,302,255,304,32
DATA 129,157,147,154,305,32,165,175,255,253,32,168,170,255,253,32,174,167,184,248,307,255,32,232,252,303,255,304,32
DATA 129,157,147,154,304,32,170,164,32,32,171,245,32,233,186,255,253,240,248,254,304,255,191,254,302,255,32,162,302,255,239,303,240,176,32
DATA 129,157,147,154,305,32,170,176,305,32,171,178,239,306,255,167,254,303,255,32,255,191,233,305,255,253
DATA 129,157,147,154,306,32,168,176,303,32,240,248,252,243,175,302,255,175,163,225,254,304,255,170,167,248,307,255
DATA 129,157,147,154,307,32,162,164,248,307,255,244,32,224,306,255,224,248,308,255
DATA 129,157,134,203,229,249,32,184,32,147,154,224,254,309,255,253,186,305,255,183,234,309,255
DATA 380,32
DATA 130,208,129,210,134,197,132,211,135,212,133,197,131,204,310,32,135,177,185,176,184,177,184,182,225,32,32,131,32,32,176,240
DATA 130,157,132,157,336,32
DATA 130,157,132,157,336,32
DATA 130,157,132,157,316,32,141,32,32,130,135,226,249,229,173,226,249,229,308,32
DATA 130,157,132,157,316,32,141,32,32,130,135,226,249,229,173,226,249,229,308,32
DATA 130,157,132,157,136,303,32,146,224,240,252,240,176,326,32
DATA 130,157,132,157,136,303,32,146,170,305,255,253,244,240,176,321,32
DATA 130,157,132,157,136,303,32,146,32,162,171,239,307,255,244,319,32
DATA 130,157,132,157,303,32,136,304,32,146,162,171,175,239,304,255,253,176,317,32
DATA 130,157,132,157,304,32,136,308,32,146,162,239,303,255,244,316,32
DATA 146,157,148,304,255,158,302,255,136,158,307,255,148,180,32,32,148,162,239,157,313,32
DATA 130,157,148,255,158,304,255,136,310,255,148,180,304,32,171,157,312,32
DATA 130,157,148,157,315,32,146,32,32,305,255,253,176,311,32
DATA 146,157,148,157,309,32,146,254,255,253,244,240,176,32,32,254,306,255,244,176,309,32
DATA 130,157,132,157,309,32,146,162,171,239,303,255,253,310,255,253,240,307,32
DATA 130,157,132,157,312,32,146,162,171,239,314,255,244,305,32
DATA 130,157,132,157,315,32,146,235,314,255,305,32
DATA 130,157,132,157,135,212,232,225,244,32,225,302,236,172,198,239,236,235,243,174,146,163,239,312,255,305,32
DATA 130,157,132,157,319,32,146,163,302,175,239,307,255,305,32
DATA 130,157,132,157,135,208,242,229,302,243,32,184,32,244,239,32,231,239,32,226,225,227,235,32,244,239,146,32,171,306,255,305,32
DATA 130,157,132,157,324,32,146,170,305,255,305,32
DATA 130,157,132,157,135,208,242,229,243,229,238,244,233,238,231,32,208,242,229,243,244,229,236,306,32,146,305,163,305,32
DATA 130,157,132,157,376,32
DATA -1
